location,date,vaccine,source_url,total_vaccinations,people_vaccinated,people_fully_vaccinated,total_boosters
Colombia,2021-02-17,"Pfizer/BioNTech, Sinovac",https://www.minsalud.gov.co/salud/publica/Vacunacion/Paginas/Vacunacion-covid-19.aspx,18,,,
Colombia,2021-02-18,"Pfizer/BioNTech, Sinovac",https://www.minsalud.gov.co/salud/publica/Vacunacion/Paginas/Vacunacion-covid-19.aspx,9935,,,
Colombia,2021-02-19,"Pfizer/BioNTech, Sinovac",https://www.minsalud.gov.co/salud/publica/Vacunacion/Paginas/Vacunacion-covid-19.aspx,21307,,,
Colombia,2021-02-20,"Pfizer/BioNTech, Sinovac",https://www.minsalud.gov.co/salud/publica/Vacunacion/Paginas/Vacunacion-covid-19.aspx,33140,,,
Colombia,2021-02-21,"Pfizer/BioNTech, Sinovac",https://www.minsalud.gov.co/salud/publica/Vacunacion/Paginas/Vacunacion-covid-19.aspx,39827,,,
Colombia,2021-02-22,"Pfizer/BioNTech, Sinovac",https://www.minsalud.gov.co/salud/publica/Vacunacion/Paginas/Vacunacion-covid-19.aspx,45166,,,
Colombia,2021-02-23,"Pfizer/BioNTech, Sinovac",https://www.minsalud.gov.co/salud/publica/Vacunacion/Paginas/Vacunacion-covid-19.aspx,48150,,,
Colombia,2021-02-24,"Pfizer/BioNTech, Sinovac",https://www.minsalud.gov.co/salud/publica/Vacunacion/Paginas/Vacunacion-covid-19.aspx,50524,,,
Colombia,2021-02-25,"Pfizer/BioNTech, Sinovac",https://www.minsalud.gov.co/salud/publica/Vacunacion/Paginas/Vacunacion-covid-19.aspx,66157,,,
Colombia,2021-02-26,"Pfizer/BioNTech, Sinovac",https://www.minsalud.gov.co/salud/publica/Vacunacion/Paginas/Vacunacion-covid-19.aspx,81333,,,
Colombia,2021-02-27,"Pfizer/BioNTech, Sinovac",https://www.minsalud.gov.co/salud/publica/Vacunacion/Paginas/Vacunacion-covid-19.aspx,114042,,,
Colombia,2021-02-28,"Pfizer/BioNTech, Sinovac",https://www.minsalud.gov.co/salud/publica/Vacunacion/Paginas/Vacunacion-covid-19.aspx,130578,,,
Colombia,2021-03-01,"Pfizer/BioNTech, Sinovac",https://www.minsalud.gov.co/salud/publica/Vacunacion/Paginas/Vacunacion-covid-19.aspx,149133,,,
Colombia,2021-03-02,"Pfizer/BioNTech, Sinovac",https://www.minsalud.gov.co/salud/publica/Vacunacion/Paginas/Vacunacion-covid-19.aspx,169619,,,
Colombia,2021-03-03,"Pfizer/BioNTech, Sinovac",https://www.minsalud.gov.co/salud/publica/Vacunacion/Paginas/Vacunacion-covid-19.aspx,191480,,,
Colombia,2021-03-04,"Pfizer/BioNTech, Sinovac",https://www.minsalud.gov.co/salud/publica/Vacunacion/Paginas/Vacunacion-covid-19.aspx,206475,,,
Colombia,2021-03-05,"Pfizer/BioNTech, Sinovac",https://www.minsalud.gov.co/salud/publica/Vacunacion/Paginas/Vacunacion-covid-19.aspx,239851,,,
Colombia,2021-03-06,"Pfizer/BioNTech, Sinovac",https://www.minsalud.gov.co/salud/publica/Vacunacion/Paginas/Vacunacion-covid-19.aspx,270411,,,
Colombia,2021-03-07,"Pfizer/BioNTech, Sinovac",https://www.minsalud.gov.co/salud/publica/Vacunacion/Paginas/Vacunacion-covid-19.aspx,299400,,,
Colombia,2021-03-08,"Pfizer/BioNTech, Sinovac",https://www.minsalud.gov.co/salud/publica/Vacunacion/Paginas/Vacunacion-covid-19.aspx,316079,,,
Colombia,2021-03-09,"Pfizer/BioNTech, Sinovac",https://www.minsalud.gov.co/salud/publica/Vacunacion/Paginas/Vacunacion-covid-19.aspx,403095,,,
Colombia,2021-03-10,"Pfizer/BioNTech, Sinovac",https://www.minsalud.gov.co/salud/publica/Vacunacion/Paginas/Vacunacion-covid-19.aspx,480250,,,
Colombia,2021-03-11,"Pfizer/BioNTech, Sinovac",https://www.minsalud.gov.co/salud/publica/Vacunacion/Paginas/Vacunacion-covid-19.aspx,589208,,,
Colombia,2021-03-12,"Pfizer/BioNTech, Sinovac",https://www.minsalud.gov.co/salud/publica/Vacunacion/Paginas/Vacunacion-covid-19.aspx,693490,,,
Colombia,2021-03-13,"Pfizer/BioNTech, Sinovac",https://www.minsalud.gov.co/salud/publica/Vacunacion/Paginas/Vacunacion-covid-19.aspx,782301,749059,33242,
Colombia,2021-03-14,"Pfizer/BioNTech, Sinovac",https://www.minsalud.gov.co/salud/publica/Vacunacion/Paginas/Vacunacion-covid-19.aspx,843204,803656,39548,
Colombia,2021-03-15,"Pfizer/BioNTech, Sinovac",https://www.minsalud.gov.co/salud/publica/Vacunacion/Paginas/Vacunacion-covid-19.aspx,913961,868994,44967,
Colombia,2021-03-16,"Pfizer/BioNTech, Sinovac",https://www.minsalud.gov.co/salud/publica/Vacunacion/Paginas/Vacunacion-covid-19.aspx,976137,928927,47210,
Colombia,2021-03-17,"Pfizer/BioNTech, Sinovac",https://www.minsalud.gov.co/salud/publica/Vacunacion/Paginas/Vacunacion-covid-19.aspx,1024358,971240,53118,
Colombia,2021-03-18,"Pfizer/BioNTech, Sinovac",https://www.minsalud.gov.co/salud/publica/Vacunacion/Paginas/Vacunacion-covid-19.aspx,1076496,1022604,53892,
Colombia,2021-03-19,"Pfizer/BioNTech, Sinovac",https://www.minsalud.gov.co/salud/publica/Vacunacion/Paginas/Vacunacion-covid-19.aspx,1131999,1077837,54162,
Colombia,2021-03-20,"Pfizer/BioNTech, Sinovac",https://www.minsalud.gov.co/salud/publica/Vacunacion/Paginas/Vacunacion-covid-19.aspx,1182098,1127570,54528,
Colombia,2021-03-21,"Pfizer/BioNTech, Sinovac",https://www.minsalud.gov.co/salud/publica/Vacunacion/Paginas/Vacunacion-covid-19.aspx,1215008,1157159,57849,
Colombia,2021-03-22,"Pfizer/BioNTech, Sinovac",https://www.minsalud.gov.co/salud/publica/Vacunacion/Paginas/Vacunacion-covid-19.aspx,1238259,1177935,60324,
Colombia,2021-03-23,"Pfizer/BioNTech, Sinovac",https://www.minsalud.gov.co/salud/publica/Vacunacion/Paginas/Vacunacion-covid-19.aspx,1299809,1236980,62829,
Colombia,2021-03-24,"Pfizer/BioNTech, Sinovac",https://www.minsalud.gov.co/salud/publica/Vacunacion/Paginas/Vacunacion-covid-19.aspx,1385503,1311229,74274,
Colombia,2021-03-25,"Pfizer/BioNTech, Sinovac",https://www.minsalud.gov.co/salud/publica/Vacunacion/Paginas/Vacunacion-covid-19.aspx,1476364,1359247,117117,
Colombia,2021-03-26,"Pfizer/BioNTech, Sinovac",https://www.minsalud.gov.co/salud/publica/Vacunacion/Paginas/Vacunacion-covid-19.aspx,1596288,1448180,148108,
Colombia,2021-03-27,"Pfizer/BioNTech, Sinovac",https://www.minsalud.gov.co/salud/publica/Vacunacion/Paginas/Vacunacion-covid-19.aspx,1726924,1550856,176068,
Colombia,2021-03-28,"Pfizer/BioNTech, Sinovac",https://www.minsalud.gov.co/salud/publica/Vacunacion/Paginas/Vacunacion-covid-19.aspx,1818861,1624565,194296,
Colombia,2021-03-29,"Oxford/AstraZeneca, Pfizer/BioNTech, Sinovac",https://www.minsalud.gov.co/salud/publica/Vacunacion/Paginas/Vacunacion-covid-19.aspx,1965054,1736568,228486,
Colombia,2021-03-30,"Oxford/AstraZeneca, Pfizer/BioNTech, Sinovac",https://www.minsalud.gov.co/salud/publica/Vacunacion/Paginas/Vacunacion-covid-19.aspx,2121530,1858823,262707,
Colombia,2021-03-31,"Oxford/AstraZeneca, Pfizer/BioNTech, Sinovac",https://www.minsalud.gov.co/salud/publica/Vacunacion/Paginas/Vacunacion-covid-19.aspx,2243392,1957325,286067,
Colombia,2021-04-01,"Oxford/AstraZeneca, Pfizer/BioNTech, Sinovac",https://www.minsalud.gov.co/salud/publica/Vacunacion/Paginas/Vacunacion-covid-19.aspx,2300890,1965935,334955,
Colombia,2021-04-02,"Oxford/AstraZeneca, Pfizer/BioNTech, Sinovac",https://www.minsalud.gov.co/salud/publica/Vacunacion/Paginas/Vacunacion-covid-19.aspx,2336144,1971891,364253,
Colombia,2021-04-03,"Oxford/AstraZeneca, Pfizer/BioNTech, Sinovac",https://www.minsalud.gov.co/salud/publica/Vacunacion/Paginas/Vacunacion-covid-19.aspx,2381049,1989856,391193,
Colombia,2021-04-04,"Oxford/AstraZeneca, Pfizer/BioNTech, Sinovac",https://www.minsalud.gov.co/salud/publica/Vacunacion/Paginas/Vacunacion-covid-19.aspx,2408085,2005885,402200,
Colombia,2021-04-05,"Oxford/AstraZeneca, Pfizer/BioNTech, Sinovac",https://www.minsalud.gov.co/salud/publica/Vacunacion/Paginas/Vacunacion-covid-19.aspx,2479671,2056135,423536,
Colombia,2021-04-07,"Oxford/AstraZeneca, Pfizer/BioNTech, Sinovac",https://www.minsalud.gov.co/salud/publica/Vacunacion/Paginas/Vacunacion-covid-19.aspx,2691513,2148976,542537,
Colombia,2021-04-08,"Oxford/AstraZeneca, Pfizer/BioNTech, Sinovac",https://www.minsalud.gov.co/salud/publica/Vacunacion/Paginas/Vacunacion-covid-19.aspx,2812828,2172751,640077,
Colombia,2021-04-09,"Oxford/AstraZeneca, Pfizer/BioNTech, Sinovac",https://www.minsalud.gov.co/salud/publica/Vacunacion/Paginas/Vacunacion-covid-19.aspx,2946222,2201956,744266,
Colombia,2021-04-10,"Oxford/AstraZeneca, Pfizer/BioNTech, Sinovac",https://www.minsalud.gov.co/salud/publica/Vacunacion/Paginas/Vacunacion-covid-19.aspx,3041349,2232564,808785,
Colombia,2021-04-12,"Oxford/AstraZeneca, Pfizer/BioNTech, Sinovac",https://www.minsalud.gov.co/salud/publica/Vacunacion/Paginas/Vacunacion-covid-19.aspx,3173583,2258826,914757,
Colombia,2021-04-13,"Oxford/AstraZeneca, Pfizer/BioNTech, Sinovac",https://www.minsalud.gov.co/salud/publica/Vacunacion/Paginas/Vacunacion-covid-19.aspx,3350226,2340554,1009672,
Colombia,2021-04-14,"Oxford/AstraZeneca, Pfizer/BioNTech, Sinovac",https://www.minsalud.gov.co/salud/publica/Vacunacion/Paginas/Vacunacion-covid-19.aspx,3455084,2407129,1047955,
Colombia,2021-04-16,"Oxford/AstraZeneca, Pfizer/BioNTech, Sinovac",https://www.minsalud.gov.co/salud/publica/Vacunacion/Paginas/Vacunacion-covid-19.aspx,3590096,2496243,1093853,
Colombia,2021-04-17,"Oxford/AstraZeneca, Pfizer/BioNTech, Sinovac",https://app.powerbi.com/view?r=eyJrIjoiYjc0NTBhZGMtZGM2NS00YjA0LTljNGYtYTJkNWI1YTJlYzAwIiwidCI6Ijc0YzBjMjUwLTFjNzctNDA1ZC05YjFlLTlhYzFmNTA4YWJlMyIsImMiOjR9&pageName=ReportSectionad9662980220d3261e68,3707216,2571554,1135662,
Colombia,2021-04-18,"Oxford/AstraZeneca, Pfizer/BioNTech, Sinovac",https://app.powerbi.com/view?r=eyJrIjoiYjc0NTBhZGMtZGM2NS00YjA0LTljNGYtYTJkNWI1YTJlYzAwIiwidCI6Ijc0YzBjMjUwLTFjNzctNDA1ZC05YjFlLTlhYzFmNTA4YWJlMyIsImMiOjR9&pageName=ReportSectionad9662980220d3261e68,3769499,2614088,1155411,
Colombia,2021-04-19,"Oxford/AstraZeneca, Pfizer/BioNTech, Sinovac",https://app.powerbi.com/view?r=eyJrIjoiYjc0NTBhZGMtZGM2NS00YjA0LTljNGYtYTJkNWI1YTJlYzAwIiwidCI6Ijc0YzBjMjUwLTFjNzctNDA1ZC05YjFlLTlhYzFmNTA4YWJlMyIsImMiOjR9&pageName=ReportSectionad9662980220d3261e68,3867076,2678773,1188303,
Colombia,2021-04-20,"Oxford/AstraZeneca, Pfizer/BioNTech, Sinovac",https://app.powerbi.com/view?r=eyJrIjoiYjc0NTBhZGMtZGM2NS00YjA0LTljNGYtYTJkNWI1YTJlYzAwIiwidCI6Ijc0YzBjMjUwLTFjNzctNDA1ZC05YjFlLTlhYzFmNTA4YWJlMyIsImMiOjR9&pageName=ReportSectionad9662980220d3261e68,3979575,2747711,1231864,
Colombia,2021-04-21,"Oxford/AstraZeneca, Pfizer/BioNTech, Sinovac",https://app.powerbi.com/view?r=eyJrIjoiYjc0NTBhZGMtZGM2NS00YjA0LTljNGYtYTJkNWI1YTJlYzAwIiwidCI6Ijc0YzBjMjUwLTFjNzctNDA1ZC05YjFlLTlhYzFmNTA4YWJlMyIsImMiOjR9&pageName=ReportSectionad9662980220d3261e68,4131008,2850117,1280891,
Colombia,2021-04-22,"Oxford/AstraZeneca, Pfizer/BioNTech, Sinovac",https://app.powerbi.com/view?r=eyJrIjoiYjc0NTBhZGMtZGM2NS00YjA0LTljNGYtYTJkNWI1YTJlYzAwIiwidCI6Ijc0YzBjMjUwLTFjNzctNDA1ZC05YjFlLTlhYzFmNTA4YWJlMyIsImMiOjR9&pageName=ReportSectionad9662980220d3261e68,4224659,2904408,1320251,
Colombia,2021-04-23,"Oxford/AstraZeneca, Pfizer/BioNTech, Sinovac",https://app.powerbi.com/view?r=eyJrIjoiYjc0NTBhZGMtZGM2NS00YjA0LTljNGYtYTJkNWI1YTJlYzAwIiwidCI6Ijc0YzBjMjUwLTFjNzctNDA1ZC05YjFlLTlhYzFmNTA4YWJlMyIsImMiOjR9&pageName=ReportSectionad9662980220d3261e68,4318314,2961023,1357291,
Colombia,2021-04-24,"Oxford/AstraZeneca, Pfizer/BioNTech, Sinovac",https://app.powerbi.com/view?r=eyJrIjoiYjc0NTBhZGMtZGM2NS00YjA0LTljNGYtYTJkNWI1YTJlYzAwIiwidCI6Ijc0YzBjMjUwLTFjNzctNDA1ZC05YjFlLTlhYzFmNTA4YWJlMyIsImMiOjR9&pageName=ReportSectionad9662980220d3261e68,4400615,3008636,1391979,
Colombia,2021-04-25,"Oxford/AstraZeneca, Pfizer/BioNTech, Sinovac",https://app.powerbi.com/view?r=eyJrIjoiYjc0NTBhZGMtZGM2NS00YjA0LTljNGYtYTJkNWI1YTJlYzAwIiwidCI6Ijc0YzBjMjUwLTFjNzctNDA1ZC05YjFlLTlhYzFmNTA4YWJlMyIsImMiOjR9&pageName=ReportSectionad9662980220d3261e68,4451266,3039713,1411553,
Colombia,2021-04-27,"Oxford/AstraZeneca, Pfizer/BioNTech, Sinovac",https://app.powerbi.com/view?r=eyJrIjoiYjc0NTBhZGMtZGM2NS00YjA0LTljNGYtYTJkNWI1YTJlYzAwIiwidCI6Ijc0YzBjMjUwLTFjNzctNDA1ZC05YjFlLTlhYzFmNTA4YWJlMyIsImMiOjR9&pageName=ReportSectionad9662980220d3261e68,4625373,3149010,1476363,
Colombia,2021-04-28,"Oxford/AstraZeneca, Pfizer/BioNTech, Sinovac",https://app.powerbi.com/view?r=eyJrIjoiYjc0NTBhZGMtZGM2NS00YjA0LTljNGYtYTJkNWI1YTJlYzAwIiwidCI6Ijc0YzBjMjUwLTFjNzctNDA1ZC05YjFlLTlhYzFmNTA4YWJlMyIsImMiOjR9&pageName=ReportSectionad9662980220d3261e68,4714640,3209415,1505225,
Colombia,2021-04-29,"Oxford/AstraZeneca, Pfizer/BioNTech, Sinovac",https://app.powerbi.com/view?r=eyJrIjoiYjc0NTBhZGMtZGM2NS00YjA0LTljNGYtYTJkNWI1YTJlYzAwIiwidCI6Ijc0YzBjMjUwLTFjNzctNDA1ZC05YjFlLTlhYzFmNTA4YWJlMyIsImMiOjR9&pageName=ReportSectionad9662980220d3261e68,4824078,3277767,1546311,
Colombia,2021-04-30,"Oxford/AstraZeneca, Pfizer/BioNTech, Sinovac",https://app.powerbi.com/view?r=eyJrIjoiYjc0NTBhZGMtZGM2NS00YjA0LTljNGYtYTJkNWI1YTJlYzAwIiwidCI6Ijc0YzBjMjUwLTFjNzctNDA1ZC05YjFlLTlhYzFmNTA4YWJlMyIsImMiOjR9&pageName=ReportSectionad9662980220d3261e68,4986471,3359439,1627032,
Colombia,2021-05-01,"Oxford/AstraZeneca, Pfizer/BioNTech, Sinovac",https://app.powerbi.com/view?r=eyJrIjoiYjc0NTBhZGMtZGM2NS00YjA0LTljNGYtYTJkNWI1YTJlYzAwIiwidCI6Ijc0YzBjMjUwLTFjNzctNDA1ZC05YjFlLTlhYzFmNTA4YWJlMyIsImMiOjR9&pageName=ReportSectionad9662980220d3261e68,5112694,3412223,1700471,
Colombia,2021-05-02,"Oxford/AstraZeneca, Pfizer/BioNTech, Sinovac",https://app.powerbi.com/view?r=eyJrIjoiYjc0NTBhZGMtZGM2NS00YjA0LTljNGYtYTJkNWI1YTJlYzAwIiwidCI6Ijc0YzBjMjUwLTFjNzctNDA1ZC05YjFlLTlhYzFmNTA4YWJlMyIsImMiOjR9&pageName=ReportSectionad9662980220d3261e68,5220330,3454250,1766080,
Colombia,2021-05-07,"Oxford/AstraZeneca, Pfizer/BioNTech, Sinovac",https://www.minsalud.gov.co/salud/publica/Vacunacion/Paginas/Vacunacion-covid-19.aspx,6096661,3861416,2235245,
Colombia,2021-05-10,"Oxford/AstraZeneca, Pfizer/BioNTech, Sinovac",https://www.minsalud.gov.co/salud/publica/Vacunacion/PublishingImages/Vacunas%20covid/100521_post_vacunas_covid.jpg,6478808,4037833,2440975,
Colombia,2021-05-11,"Oxford/AstraZeneca, Pfizer/BioNTech, Sinovac",https://www.minsalud.gov.co/salud/publica/Vacunacion/PublishingImages/Vacunas%20covid/110521_post_vacunas_covid.jpg,6673552,4140197,2533355,
Colombia,2021-05-12,"Oxford/AstraZeneca, Pfizer/BioNTech, Sinovac",https://www.minsalud.gov.co/salud/publica/Vacunacion/PublishingImages/Vacunas%20covid/120521_post_vacunas_covid.jpg,6851163,4238607,2612556,
Colombia,2021-05-13,"Oxford/AstraZeneca, Pfizer/BioNTech, Sinovac",https://www.minsalud.gov.co/salud/publica/Vacunacion/PublishingImages/Vacunas%20covid/130521_post_vacunas_covid.jpg,7044644,4351490,2693154,
Colombia,2021-05-15,"Oxford/AstraZeneca, Pfizer/BioNTech, Sinovac",https://www.minsalud.gov.co/salud/publica/Vacunacion/PublishingImages/Vacunas%20covid/160521_post_vacunas_covid.jpg.jpeg,7374433,4552042,2822391,
Colombia,2021-05-16,"Oxford/AstraZeneca, Pfizer/BioNTech, Sinovac",https://www.minsalud.gov.co/salud/publica/Vacunacion/PublishingImages/Vacunas%20covid/170521_post_vacunas_covid.jpg.jpeg,7459332,4601785,2857547,
Colombia,2021-05-17,"Oxford/AstraZeneca, Pfizer/BioNTech, Sinovac",https://www.minsalud.gov.co/salud/publica/Vacunacion/PublishingImages/Vacunas%20covid/170521_post_vacunas_covid.jpg,7537763,4652005,2885758,
Colombia,2021-05-18,"Oxford/AstraZeneca, Pfizer/BioNTech, Sinovac",https://www.minsalud.gov.co/salud/publica/Vacunacion/PublishingImages/Vacunas%20covid/180521_post_vacunas_covid.jpg,7718287,4759397,2958890,
Colombia,2021-05-19,"Oxford/AstraZeneca, Pfizer/BioNTech, Sinovac",https://www.minsalud.gov.co/salud/publica/Vacunacion/PublishingImages/Vacunas%20covid/190521_post_vacunas_covid.jpg,7862802,4861546,3001256,
Colombia,2021-05-20,"Oxford/AstraZeneca, Pfizer/BioNTech, Sinovac",https://www.minsalud.gov.co/salud/publica/Vacunacion/PublishingImages/Vacunas%20covid/200521_post_vacunas_covid.jpg,8008919,4959877,3049042,
Colombia,2021-05-22,"Oxford/AstraZeneca, Pfizer/BioNTech, Sinovac",https://www.minsalud.gov.co/salud/publica/Vacunacion/PublishingImages/Vacunas%20covid/230521_post_vacunas_covid.jpg.jpeg,8235482,5126062,3109420,
Colombia,2021-05-23,"Oxford/AstraZeneca, Pfizer/BioNTech, Sinovac",https://www.minsalud.gov.co/salud/publica/Vacunacion/PublishingImages/Vacunas%20covid/230521_post_vacunas_covid.jpg,8304265,5176752,3127513,
Colombia,2021-05-24,"Oxford/AstraZeneca, Pfizer/BioNTech, Sinovac",https://www.minsalud.gov.co/salud/publica/Vacunacion/PublishingImages/Vacunas%20covid/240521_post_vacunas_covid.jpg,8425588,5278110,3147478,
Colombia,2021-05-25,"Oxford/AstraZeneca, Pfizer/BioNTech, Sinovac",https://www.minsalud.gov.co/salud/publica/Vacunacion/PublishingImages/Vacunas%20covid/250521_post_vacunas_covid.jpg,8613236,5439630,3173606,
Colombia,2021-05-26,"Oxford/AstraZeneca, Pfizer/BioNTech, Sinovac",https://www.minsalud.gov.co/salud/publica/Vacunacion/PublishingImages/Vacunas%20covid/260521_post_vacunas_covid.jpg,8842360,5646512,3195848,
Colombia,2021-05-29,"Oxford/AstraZeneca, Pfizer/BioNTech, Sinovac",https://www.minsalud.gov.co/salud/publica/Vacunacion/PublishingImages/Vacunas%20covid/WhatsApp%20Image%202021-05-30%20at%2011.46.34%20AM.jpeg,9661266,6399229,3262037,
Colombia,2021-05-30,"Oxford/AstraZeneca, Pfizer/BioNTech, Sinovac",https://www.minsalud.gov.co/salud/publica/Vacunacion/PublishingImages/Vacunas%20covid/310521_post_vacunas_covid.jpg,9825772,6551917,3273855,
Colombia,2021-05-31,"Oxford/AstraZeneca, Pfizer/BioNTech, Sinovac",https://www.minsalud.gov.co/salud/publica/Vacunacion/PublishingImages/Vacunas%20covid/310521_post_vacunas_covid.jpg,10092122,6798875,3293247,
Colombia,2021-06-01,"Oxford/AstraZeneca, Pfizer/BioNTech, Sinovac",https://www.minsalud.gov.co/salud/publica/Vacunacion/PublishingImages/Vacunas%20covid/010621_post_vacunas_covid.jpg,10382967,7068568,3314399,
Colombia,2021-06-02,"Oxford/AstraZeneca, Pfizer/BioNTech, Sinovac",https://www.minsalud.gov.co/salud/publica/Vacunacion/PublishingImages/Vacunas%20covid/020621_post_vacunas_covid.jpg,10697683,7359045,3338638,
Colombia,2021-06-03,"Oxford/AstraZeneca, Pfizer/BioNTech, Sinovac",https://www.minsalud.gov.co/salud/publica/Vacunacion/PublishingImages/Vacunas%20covid/030621_post_vacunas_covid.jpg,10979983,7610719,3369264,
Colombia,2021-06-04,"Oxford/AstraZeneca, Pfizer/BioNTech, Sinovac",https://www.minsalud.gov.co/salud/publica/Vacunacion/PublishingImages/Vacunas%20covid/050621_post_vacunas_covid.jpeg,11244592,7841655,3402937,
Colombia,2021-06-05,"Oxford/AstraZeneca, Pfizer/BioNTech, Sinovac",https://www.minsalud.gov.co/salud/publica/Vacunacion/PublishingImages/Vacunas%20covid/050621_post_vacunas_covid.jpg,11485904,8053098,3432806,
Colombia,2021-06-06,"Oxford/AstraZeneca, Pfizer/BioNTech, Sinovac",https://twitter.com/MinSaludCol/status/1401895588820619271,11615265,8164744,3450521,
Colombia,2021-06-07,"Oxford/AstraZeneca, Pfizer/BioNTech, Sinovac",https://twitter.com/MinSaludCol/status/1402240088176738306,11733523,8262316,3471207,
Colombia,2021-06-08,"Oxford/AstraZeneca, Pfizer/BioNTech, Sinovac",https://twitter.com/MinSaludCol/status/1402622562975223818,11977805,8442704,3535101,
Colombia,2021-06-09,"Oxford/AstraZeneca, Pfizer/BioNTech, Sinovac",https://twitter.com/MinSaludCol/status/1402975610574606336,12206104,8612065,3594039,
Colombia,2021-06-11,"Oxford/AstraZeneca, Pfizer/BioNTech, Sinovac",https://www.minsalud.gov.co/salud/publica/Vacunacion/PublishingImages/Vacunas%20covid/WhatsApp%20Image%202021-06-12%20at%209.08.22%20AM.jpeg,12711342,8975790,3735552,
Colombia,2021-06-12,"Oxford/AstraZeneca, Pfizer/BioNTech, Sinovac",https://www.minsalud.gov.co/salud/publica/Vacunacion/PublishingImages/Vacunas%20covid/WhatsApp%20Image%202021-06-13%20at%208.11.13%20AM.jpeg,12917941,9117737,3800204,
Colombia,2021-06-13,"Oxford/AstraZeneca, Pfizer/BioNTech, Sinovac",https://www.minsalud.gov.co/salud/publica/Vacunacion/PublishingImages/Vacunas%20covid/WhatsApp%20Image%202021-06-14%20at%207.56.08%20AM.jpeg,13024786,9194373,3830413,
Colombia,2021-06-14,"Oxford/AstraZeneca, Pfizer/BioNTech, Sinovac",https://www.minsalud.gov.co/salud/publica/Vacunacion/PublishingImages/Vacunas%20covid/140621_post_vacunas_covid.jpg,13167044,9291221,3875823,
Colombia,2021-06-17,"Oxford/AstraZeneca, Pfizer/BioNTech, Sinovac",https://www.minsalud.gov.co/salud/publica/Vacunacion/PublishingImages/Vacunas%20covid/170621_post_vacunas_covid.jpg,14062307,9736151,4326156,
Colombia,2021-06-19,"Oxford/AstraZeneca, Pfizer/BioNTech, Sinovac",https://www.minsalud.gov.co/salud/publica/Vacunacion/PublishingImages/Vacunas%20covid/WhatsApp%20Image%202021-06-20%20at%208.34.37%20AM.jpeg,14727526,10071423,4656103,
Colombia,2021-06-20,"Oxford/AstraZeneca, Pfizer/BioNTech, Sinovac",https://docs.google.com/spreadsheets/d/1eblBeozGn1soDGXbOIicwyEDkUqNMzzpJoAKw84TTA4,14953869,10172100,4781769,
Colombia,2021-06-21,"Oxford/AstraZeneca, Pfizer/BioNTech, Sinovac",https://docs.google.com/spreadsheets/d/1eblBeozGn1soDGXbOIicwyEDkUqNMzzpJoAKw84TTA4,15298930,10321140,4977790,
Colombia,2021-06-22,"Oxford/AstraZeneca, Pfizer/BioNTech, Sinovac",https://docs.google.com/spreadsheets/d/1eblBeozGn1soDGXbOIicwyEDkUqNMzzpJoAKw84TTA4,15682435,10493152,5189283,
Colombia,2021-06-23,"Oxford/AstraZeneca, Pfizer/BioNTech, Sinovac",https://docs.google.com/spreadsheets/d/1eblBeozGn1soDGXbOIicwyEDkUqNMzzpJoAKw84TTA4,16038817,10657628,5381189,
Colombia,2021-06-24,"Oxford/AstraZeneca, Pfizer/BioNTech, Sinovac",https://docs.google.com/spreadsheets/d/1eblBeozGn1soDGXbOIicwyEDkUqNMzzpJoAKw84TTA4,16365857,10799201,5566656,
Colombia,2021-06-25,"Oxford/AstraZeneca, Pfizer/BioNTech, Sinovac",https://docs.google.com/spreadsheets/d/1eblBeozGn1soDGXbOIicwyEDkUqNMzzpJoAKw84TTA4,16693732,10936234,5757498,
Colombia,2021-06-26,"Johnson&Johnson, Oxford/AstraZeneca, Pfizer/BioNTech, Sinovac, Johnson&Johnson",https://docs.google.com/spreadsheets/d/1eblBeozGn1soDGXbOIicwyEDkUqNMzzpJoAKw84TTA4,17024426,11076086,5948340,
Colombia,2021-06-27,"Johnson&Johnson, Oxford/AstraZeneca, Pfizer/BioNTech, Sinovac, Johnson&Johnson",https://www.minsalud.gov.co/salud/publica/Vacunacion/PublishingImages/Vacunas%20covid/260621_post_vacunas_covid.jpg,17227818,11128130,6137238,
Colombia,2021-06-28,"Johnson&Johnson, Oxford/AstraZeneca, Pfizer/BioNTech, Sinovac, Johnson&Johnson",https://www.minsalud.gov.co/salud/publica/Vacunacion/PublishingImages/Vacunas%20covid/280621_post_vacunas_covid.jpg,17570929,11187507,6383422,
Colombia,2021-06-29,"Johnson&Johnson, Oxford/AstraZeneca, Pfizer/BioNTech, Sinovac",https://docs.google.com/spreadsheets/d/1eblBeozGn1soDGXbOIicwyEDkUqNMzzpJoAKw84TTA4,17941952,11375190,6654730,
Colombia,2021-06-30,"Johnson&Johnson, Oxford/AstraZeneca, Pfizer/BioNTech, Sinovac",https://docs.google.com/spreadsheets/d/1eblBeozGn1soDGXbOIicwyEDkUqNMzzpJoAKw84TTA4,18281743,11518988,6896325,
Colombia,2021-07-01,"Johnson&Johnson, Oxford/AstraZeneca, Pfizer/BioNTech, Sinovac",https://docs.google.com/spreadsheets/d/1eblBeozGn1soDGXbOIicwyEDkUqNMzzpJoAKw84TTA4,18578199,11644777,7101383,
Colombia,2021-07-02,"Johnson&Johnson, Oxford/AstraZeneca, Pfizer/BioNTech, Sinovac",https://docs.google.com/spreadsheets/d/1eblBeozGn1soDGXbOIicwyEDkUqNMzzpJoAKw84TTA4,18857607,11760312,7292768,
Colombia,2021-07-03,"Johnson&Johnson, Oxford/AstraZeneca, Pfizer/BioNTech, Sinovac",https://docs.google.com/spreadsheets/d/1eblBeozGn1soDGXbOIicwyEDkUqNMzzpJoAKw84TTA4,19115730,11902048,7436866,
Colombia,2021-07-04,"Johnson&Johnson, Oxford/AstraZeneca, Pfizer/BioNTech, Sinovac",https://docs.google.com/spreadsheets/d/1eblBeozGn1soDGXbOIicwyEDkUqNMzzpJoAKw84TTA4,19264851,11982415,7522208,
Colombia,2021-07-05,"Johnson&Johnson, Oxford/AstraZeneca, Pfizer/BioNTech, Sinovac",https://docs.google.com/spreadsheets/d/1eblBeozGn1soDGXbOIicwyEDkUqNMzzpJoAKw84TTA4,19436143,12084403,7624099,
Colombia,2021-07-07,"Johnson&Johnson, Oxford/AstraZeneca, Pfizer/BioNTech, Sinovac",https://docs.google.com/spreadsheets/d/1eblBeozGn1soDGXbOIicwyEDkUqNMzzpJoAKw84TTA4,20198661,12547379,8060751,
Colombia,2021-07-10,"Johnson&Johnson, Oxford/AstraZeneca, Pfizer/BioNTech, Sinovac",https://docs.google.com/spreadsheets/d/1eblBeozGn1soDGXbOIicwyEDkUqNMzzpJoAKw84TTA4,20605186,12840321,8305787,
Colombia,2021-07-11,"Johnson&Johnson, Oxford/AstraZeneca, Pfizer/BioNTech, Sinovac",https://docs.google.com/spreadsheets/d/1eblBeozGn1soDGXbOIicwyEDkUqNMzzpJoAKw84TTA4,21641395,13568786,8992264,
Colombia,2021-07-12,"Johnson&Johnson, Oxford/AstraZeneca, Pfizer/BioNTech, Sinovac",https://docs.google.com/spreadsheets/d/1eblBeozGn1soDGXbOIicwyEDkUqNMzzpJoAKw84TTA4,21911121,13777447,9178479,
Colombia,2021-07-14,"Johnson&Johnson, Oxford/AstraZeneca, Pfizer/BioNTech, Sinovac",https://docs.google.com/spreadsheets/d/1eblBeozGn1soDGXbOIicwyEDkUqNMzzpJoAKw84TTA4,22624568,14324220,9631722,
Colombia,2021-07-15,"Johnson&Johnson, Oxford/AstraZeneca, Pfizer/BioNTech, Sinovac",https://docs.google.com/spreadsheets/d/1eblBeozGn1soDGXbOIicwyEDkUqNMzzpJoAKw84TTA4,22942717,14563313,9876044,
Colombia,2021-07-17,"Johnson&Johnson, Oxford/AstraZeneca, Pfizer/BioNTech, Sinovac",https://docs.google.com/spreadsheets/d/1eblBeozGn1soDGXbOIicwyEDkUqNMzzpJoAKw84TTA4,23486275,14963437,10255069,
Colombia,2021-07-18,"Johnson&Johnson, Oxford/AstraZeneca, Pfizer/BioNTech, Sinovac",https://docs.google.com/spreadsheets/d/1eblBeozGn1soDGXbOIicwyEDkUqNMzzpJoAKw84TTA4,23631963,15080813,10340378,
Colombia,2021-07-19,"Johnson&Johnson, Oxford/AstraZeneca, Pfizer/BioNTech, Sinovac",https://docs.google.com/spreadsheets/d/1eblBeozGn1soDGXbOIicwyEDkUqNMzzpJoAKw84TTA4,23832572,15223093,10475982,
Colombia,2021-07-20,"Johnson&Johnson, Oxford/AstraZeneca, Pfizer/BioNTech, Sinovac",https://docs.google.com/spreadsheets/d/1eblBeozGn1soDGXbOIicwyEDkUqNMzzpJoAKw84TTA4,24000509,15345959,10556284,
Colombia,2021-07-22,"Johnson&Johnson, Oxford/AstraZeneca, Pfizer/BioNTech, Sinovac",https://docs.google.com/spreadsheets/d/1eblBeozGn1soDGXbOIicwyEDkUqNMzzpJoAKw84TTA4,24535783,15672550,10889063,
Colombia,2021-07-23,"Johnson&Johnson, Oxford/AstraZeneca, Pfizer/BioNTech, Sinovac",https://docs.google.com/spreadsheets/d/1eblBeozGn1soDGXbOIicwyEDkUqNMzzpJoAKw84TTA4,24826407,15877781,11042971,
Colombia,2021-07-25,"Johnson&Johnson, Oxford/AstraZeneca, Pfizer/BioNTech, Sinovac",https://docs.google.com/spreadsheets/d/1eblBeozGn1soDGXbOIicwyEDkUqNMzzpJoAKw84TTA4,25352932,16246476,11317608,
Colombia,2021-07-26,"Johnson&Johnson, Oxford/AstraZeneca, Pfizer/BioNTech, Sinovac",https://docs.google.com/spreadsheets/d/1eblBeozGn1soDGXbOIicwyEDkUqNMzzpJoAKw84TTA4,25641086,16455361,11457631,
Colombia,2021-07-28,"Johnson&Johnson, Moderna, Oxford/AstraZeneca, Pfizer/BioNTech, Sinovac",https://docs.google.com/spreadsheets/d/1eblBeozGn1soDGXbOIicwyEDkUqNMzzpJoAKw84TTA4,26186714,16794653,11759641,
Colombia,2021-07-29,"Johnson&Johnson, Moderna, Oxford/AstraZeneca, Pfizer/BioNTech, Sinovac",https://docs.google.com/spreadsheets/d/1eblBeozGn1soDGXbOIicwyEDkUqNMzzpJoAKw84TTA4,26515327,17032633,11892153,
Colombia,2021-07-31,"Johnson&Johnson, Moderna, Oxford/AstraZeneca, Pfizer/BioNTech, Sinovac",https://docs.google.com/spreadsheets/d/1eblBeozGn1soDGXbOIicwyEDkUqNMzzpJoAKw84TTA4,27524377,17801838,12179103,
Colombia,2021-08-01,"Johnson&Johnson, Moderna, Oxford/AstraZeneca, Pfizer/BioNTech, Sinovac",https://docs.google.com/spreadsheets/d/1eblBeozGn1soDGXbOIicwyEDkUqNMzzpJoAKw84TTA4,27751197,17962012,12252821,
Colombia,2021-08-02,"Johnson&Johnson, Moderna, Oxford/AstraZeneca, Pfizer/BioNTech, Sinovac",https://docs.google.com/spreadsheets/d/1eblBeozGn1soDGXbOIicwyEDkUqNMzzpJoAKw84TTA4,28152320,18256040,12377173,
Colombia,2021-08-03,"Johnson&Johnson, Moderna, Oxford/AstraZeneca, Pfizer/BioNTech, Sinovac",https://docs.google.com/spreadsheets/d/1eblBeozGn1soDGXbOIicwyEDkUqNMzzpJoAKw84TTA4,28608522,18567543,12542092,
Colombia,2021-08-04,"Johnson&Johnson, Moderna, Oxford/AstraZeneca, Pfizer/BioNTech, Sinovac",https://docs.google.com/spreadsheets/d/1eblBeozGn1soDGXbOIicwyEDkUqNMzzpJoAKw84TTA4,29013935,18830027,12700513,
Colombia,2021-08-05,"Johnson&Johnson, Moderna, Oxford/AstraZeneca, Pfizer/BioNTech, Sinovac",https://docs.google.com/spreadsheets/d/1eblBeozGn1soDGXbOIicwyEDkUqNMzzpJoAKw84TTA4,29416582,19092805,12854659,
Colombia,2021-08-07,"Johnson&Johnson, Moderna, Oxford/AstraZeneca, Pfizer/BioNTech, Sinovac",https://docs.google.com/spreadsheets/d/1eblBeozGn1soDGXbOIicwyEDkUqNMzzpJoAKw84TTA4,30244618,19634688,13182770,
Colombia,2021-08-08,"Johnson&Johnson, Moderna, Oxford/AstraZeneca, Pfizer/BioNTech, Sinovac",https://docs.google.com/spreadsheets/d/1eblBeozGn1soDGXbOIicwyEDkUqNMzzpJoAKw84TTA4,30379000,19734349,13220870,
Colombia,2021-08-09,"Johnson&Johnson, Moderna, Oxford/AstraZeneca, Pfizer/BioNTech, Sinovac",https://www.minsalud.gov.co/salud/publica/Vacunacion/Paginas/Vacunacion-covid-19.aspx,30639657,19913442,13313500,
Colombia,2021-08-10,"Johnson&Johnson, Moderna, Oxford/AstraZeneca, Pfizer/BioNTech, Sinovac",https://docs.google.com/spreadsheets/d/1eblBeozGn1soDGXbOIicwyEDkUqNMzzpJoAKw84TTA4,30883739,20079481,13403370,
Colombia,2021-08-11,"Johnson&Johnson, Moderna, Oxford/AstraZeneca, Pfizer/BioNTech, Sinovac",https://docs.google.com/spreadsheets/d/1eblBeozGn1soDGXbOIicwyEDkUqNMzzpJoAKw84TTA4,31149291,20261745,13504623,
Colombia,2021-08-12,"Johnson&Johnson, Moderna, Oxford/AstraZeneca, Pfizer/BioNTech, Sinovac",https://docs.google.com/spreadsheets/d/1eblBeozGn1soDGXbOIicwyEDkUqNMzzpJoAKw84TTA4,31376085,20413695,13590141,
Colombia,2021-08-13,"Johnson&Johnson, Moderna, Oxford/AstraZeneca, Pfizer/BioNTech, Sinovac",https://docs.google.com/spreadsheets/d/1eblBeozGn1soDGXbOIicwyEDkUqNMzzpJoAKw84TTA4,31553173,20517506,13676098,
Colombia,2021-08-14,"Johnson&Johnson, Moderna, Oxford/AstraZeneca, Pfizer/BioNTech, Sinovac",https://docs.google.com/spreadsheets/d/1eblBeozGn1soDGXbOIicwyEDkUqNMzzpJoAKw84TTA4,31769498,20669967,13749209,
Colombia,2021-08-15,"Johnson&Johnson, Moderna, Oxford/AstraZeneca, Pfizer/BioNTech, Sinovac",https://docs.google.com/spreadsheets/d/1eblBeozGn1soDGXbOIicwyEDkUqNMzzpJoAKw84TTA4,31865446,20744167,13775599,
Colombia,2021-08-17,"Johnson&Johnson, Moderna, Oxford/AstraZeneca, Pfizer/BioNTech, Sinovac",https://docs.google.com/spreadsheets/d/1eblBeozGn1soDGXbOIicwyEDkUqNMzzpJoAKw84TTA4,32192874,20978540,13880688,
Colombia,2021-08-18,"Johnson&Johnson, Moderna, Oxford/AstraZeneca, Pfizer/BioNTech, Sinovac",https://docs.google.com/spreadsheets/d/1eblBeozGn1soDGXbOIicwyEDkUqNMzzpJoAKw84TTA4,32463196,21179816,13958104,
Colombia,2021-08-19,"Johnson&Johnson, Moderna, Oxford/AstraZeneca, Pfizer/BioNTech, Sinovac",https://www.minsalud.gov.co/salud/publica/Vacunacion/Paginas/Vacunacion-covid-19.aspx,32741710,21371871,14052941,
Colombia,2021-08-20,"Johnson&Johnson, Moderna, Oxford/AstraZeneca, Pfizer/BioNTech, Sinovac",https://docs.google.com/spreadsheets/d/1eblBeozGn1soDGXbOIicwyEDkUqNMzzpJoAKw84TTA4,33005580,21549430,14157111,
Colombia,2021-08-21,"Johnson&Johnson, Moderna, Oxford/AstraZeneca, Pfizer/BioNTech, Sinovac",https://docs.google.com/spreadsheets/d/1eblBeozGn1soDGXbOIicwyEDkUqNMzzpJoAKw84TTA4,33255471,21753014,14208967,
Colombia,2021-08-22,"Johnson&Johnson, Moderna, Oxford/AstraZeneca, Pfizer/BioNTech, Sinovac",https://docs.google.com/spreadsheets/d/1eblBeozGn1soDGXbOIicwyEDkUqNMzzpJoAKw84TTA4,33405365,21864127,14250028,
Colombia,2021-08-23,"Johnson&Johnson, Moderna, Oxford/AstraZeneca, Pfizer/BioNTech, Sinovac",https://docs.google.com/spreadsheets/d/1eblBeozGn1soDGXbOIicwyEDkUqNMzzpJoAKw84TTA4,33696899,22095795,14323100,
Colombia,2021-08-24,"Johnson&Johnson, Moderna, Oxford/AstraZeneca, Pfizer/BioNTech, Sinovac",https://docs.google.com/spreadsheets/d/1eblBeozGn1soDGXbOIicwyEDkUqNMzzpJoAKw84TTA4,33963461,22301932,14390587,
Colombia,2021-08-25,"Johnson&Johnson, Moderna, Oxford/AstraZeneca, Pfizer/BioNTech, Sinovac",https://docs.google.com/spreadsheets/d/1eblBeozGn1soDGXbOIicwyEDkUqNMzzpJoAKw84TTA4,34247170,22531555,14448771,
Colombia,2021-08-27,"Johnson&Johnson, Moderna, Oxford/AstraZeneca, Pfizer/BioNTech, Sinovac",https://docs.google.com/spreadsheets/d/1eblBeozGn1soDGXbOIicwyEDkUqNMzzpJoAKw84TTA4,34805950,22978676,14592150,
Colombia,2021-08-28,"Johnson&Johnson, Moderna, Oxford/AstraZeneca, Pfizer/BioNTech, Sinovac",https://docs.google.com/spreadsheets/d/1eblBeozGn1soDGXbOIicwyEDkUqNMzzpJoAKw84TTA4,35071950,23201104,14639269,
Colombia,2021-08-29,"Johnson&Johnson, Moderna, Oxford/AstraZeneca, Pfizer/BioNTech, Sinovac",https://docs.google.com/spreadsheets/d/1eblBeozGn1soDGXbOIicwyEDkUqNMzzpJoAKw84TTA4,35172185,23288536,14653162,
Colombia,2021-08-30,"Johnson&Johnson, Moderna, Oxford/AstraZeneca, Pfizer/BioNTech, Sinovac",https://docs.google.com/spreadsheets/d/1eblBeozGn1soDGXbOIicwyEDkUqNMzzpJoAKw84TTA4,35355619,23443209,14685797,
Colombia,2021-08-31,"Johnson&Johnson, Moderna, Oxford/AstraZeneca, Pfizer/BioNTech, Sinovac",https://docs.google.com/spreadsheets/d/1eblBeozGn1soDGXbOIicwyEDkUqNMzzpJoAKw84TTA4,35546165,23600147,14722990,
Colombia,2021-09-02,"Johnson&Johnson, Moderna, Oxford/AstraZeneca, Pfizer/BioNTech, Sinovac",https://docs.google.com/spreadsheets/d/1eblBeozGn1soDGXbOIicwyEDkUqNMzzpJoAKw84TTA4,35750492,23760584,14771114,
Colombia,2021-09-03,"Johnson&Johnson, Moderna, Oxford/AstraZeneca, Pfizer/BioNTech, Sinovac",https://docs.google.com/spreadsheets/d/1eblBeozGn1soDGXbOIicwyEDkUqNMzzpJoAKw84TTA4,36090729,24004709,14873013,
Colombia,2021-09-04,"Johnson&Johnson, Moderna, Oxford/AstraZeneca, Pfizer/BioNTech, Sinovac",https://docs.google.com/spreadsheets/d/1eblBeozGn1soDGXbOIicwyEDkUqNMzzpJoAKw84TTA4,36235580,24111434,14912159,
Colombia,2021-09-09,"Johnson&Johnson, Moderna, Oxford/AstraZeneca, Pfizer/BioNTech, Sinovac",https://docs.google.com/spreadsheets/d/1eblBeozGn1soDGXbOIicwyEDkUqNMzzpJoAKw84TTA4,37034145,24260079,15572631,
Colombia,2021-09-10,"Johnson&Johnson, Moderna, Oxford/AstraZeneca, Pfizer/BioNTech, Sinovac",https://docs.google.com/spreadsheets/d/1eblBeozGn1soDGXbOIicwyEDkUqNMzzpJoAKw84TTA4,37346540,24434265,15712902,
Colombia,2021-09-12,"Johnson&Johnson, Moderna, Oxford/AstraZeneca, Pfizer/BioNTech, Sinovac",https://docs.google.com/spreadsheets/d/1eblBeozGn1soDGXbOIicwyEDkUqNMzzpJoAKw84TTA4,37444197,24499752,15746173,
Colombia,2021-09-13,"Johnson&Johnson, Moderna, Oxford/AstraZeneca, Pfizer/BioNTech, Sinovac",https://docs.google.com/spreadsheets/d/1eblBeozGn1soDGXbOIicwyEDkUqNMzzpJoAKw84TTA4,37627506,24613353,15817661,
Colombia,2021-09-14,"Johnson&Johnson, Moderna, Oxford/AstraZeneca, Pfizer/BioNTech, Sinovac",https://docs.google.com/spreadsheets/d/1eblBeozGn1soDGXbOIicwyEDkUqNMzzpJoAKw84TTA4,37830713,24733487,15902438,
Colombia,2021-09-15,"Johnson&Johnson, Moderna, Oxford/AstraZeneca, Pfizer/BioNTech, Sinovac",https://docs.google.com/spreadsheets/d/1eblBeozGn1soDGXbOIicwyEDkUqNMzzpJoAKw84TTA4,38002826,24841106,15968154,
Colombia,2021-09-17,"Johnson&Johnson, Moderna, Oxford/AstraZeneca, Pfizer/BioNTech, Sinovac",https://docs.google.com/spreadsheets/d/1eblBeozGn1soDGXbOIicwyEDkUqNMzzpJoAKw84TTA4,38331643,25043592,16096455,
Colombia,2021-09-18,"Johnson&Johnson, Moderna, Oxford/AstraZeneca, Pfizer/BioNTech, Sinovac",https://docs.google.com/spreadsheets/d/1eblBeozGn1soDGXbOIicwyEDkUqNMzzpJoAKw84TTA4,38442061,25114159,16137068,
Colombia,2021-09-19,"Johnson&Johnson, Moderna, Oxford/AstraZeneca, Pfizer/BioNTech, Sinovac",https://docs.google.com/spreadsheets/d/1eblBeozGn1soDGXbOIicwyEDkUqNMzzpJoAKw84TTA4,38516606,25166351,16159636,
Colombia,2021-09-20,"Johnson&Johnson, Moderna, Oxford/AstraZeneca, Pfizer/BioNTech, Sinovac",https://docs.google.com/spreadsheets/d/1eblBeozGn1soDGXbOIicwyEDkUqNMzzpJoAKw84TTA4,38683134,25270271,16223761,
Colombia,2021-09-22,"Johnson&Johnson, Moderna, Oxford/AstraZeneca, Pfizer/BioNTech, Sinovac",https://docs.google.com/spreadsheets/d/1eblBeozGn1soDGXbOIicwyEDkUqNMzzpJoAKw84TTA4,39057913,25518294,16353229,
Colombia,2021-09-23,"Johnson&Johnson, Moderna, Oxford/AstraZeneca, Pfizer/BioNTech, Sinovac",https://docs.google.com/spreadsheets/d/1eblBeozGn1soDGXbOIicwyEDkUqNMzzpJoAKw84TTA4,39270198,25662320,16423702,
Colombia,2021-09-25,"Johnson&Johnson, Moderna, Oxford/AstraZeneca, Pfizer/BioNTech, Sinovac",https://docs.google.com/spreadsheets/d/1eblBeozGn1soDGXbOIicwyEDkUqNMzzpJoAKw84TTA4,39610550,25888829,16538611,
Colombia,2021-09-26,"Johnson&Johnson, Moderna, Oxford/AstraZeneca, Pfizer/BioNTech, Sinovac",https://docs.google.com/spreadsheets/d/1eblBeozGn1soDGXbOIicwyEDkUqNMzzpJoAKw84TTA4,39913294,26048698,16684339,
Colombia,2021-09-27,"Johnson&Johnson, Moderna, Oxford/AstraZeneca, Pfizer/BioNTech, Sinovac",https://docs.google.com/spreadsheets/d/1eblBeozGn1soDGXbOIicwyEDkUqNMzzpJoAKw84TTA4,40168278,26194283,16811660,
Colombia,2021-09-29,"Johnson&Johnson, Moderna, Oxford/AstraZeneca, Pfizer/BioNTech, Sinovac",https://docs.google.com/spreadsheets/d/1eblBeozGn1soDGXbOIicwyEDkUqNMzzpJoAKw84TTA4,40404815,26332902,16929789,
Colombia,2021-10-01,"Johnson&Johnson, Moderna, Oxford/AstraZeneca, Pfizer/BioNTech, Sinovac",https://docs.google.com/spreadsheets/d/1eblBeozGn1soDGXbOIicwyEDkUqNMzzpJoAKw84TTA4,41097797,26862638,17207121,
Colombia,2021-10-04,"Johnson&Johnson, Moderna, Oxford/AstraZeneca, Pfizer/BioNTech, Sinovac",https://docs.google.com/spreadsheets/d/1eblBeozGn1soDGXbOIicwyEDkUqNMzzpJoAKw84TTA4,41524918,27149994,17494197,
Colombia,2021-10-06,"Johnson&Johnson, Moderna, Oxford/AstraZeneca, Pfizer/BioNTech, Sinovac",https://docs.google.com/spreadsheets/d/1eblBeozGn1soDGXbOIicwyEDkUqNMzzpJoAKw84TTA4,42039612,27436244,17865559,
Colombia,2021-10-07,"Johnson&Johnson, Moderna, Oxford/AstraZeneca, Pfizer/BioNTech, Sinovac",https://docs.google.com/spreadsheets/d/1eblBeozGn1soDGXbOIicwyEDkUqNMzzpJoAKw84TTA4,42349272,27587609,18096506,
Colombia,2021-10-08,"Johnson&Johnson, Moderna, Oxford/AstraZeneca, Pfizer/BioNTech, Sinovac",https://docs.google.com/spreadsheets/d/1eblBeozGn1soDGXbOIicwyEDkUqNMzzpJoAKw84TTA4,42634897,27722308,18308930,
Colombia,2021-10-09,"Johnson&Johnson, Moderna, Oxford/AstraZeneca, Pfizer/BioNTech, Sinovac",https://docs.google.com/spreadsheets/d/1eblBeozGn1soDGXbOIicwyEDkUqNMzzpJoAKw84TTA4,42885532,27832514,18501504,
Colombia,2021-10-10,"Johnson&Johnson, Moderna, Oxford/AstraZeneca, Pfizer/BioNTech, Sinovac",https://docs.google.com/spreadsheets/d/1eblBeozGn1soDGXbOIicwyEDkUqNMzzpJoAKw84TTA4,43007509,27885125,18593793,
Colombia,2021-10-11,"Johnson&Johnson, Moderna, Oxford/AstraZeneca, Pfizer/BioNTech, Sinovac",https://docs.google.com/spreadsheets/d/1eblBeozGn1soDGXbOIicwyEDkUqNMzzpJoAKw84TTA4,43315450,28016960,18815492,
Colombia,2021-10-12,"Johnson&Johnson, Moderna, Oxford/AstraZeneca, Pfizer/BioNTech, Sinovac",https://docs.google.com/spreadsheets/d/1eblBeozGn1soDGXbOIicwyEDkUqNMzzpJoAKw84TTA4,43608145,28166163,19007794,
Colombia,2021-10-13,"Johnson&Johnson, Moderna, Oxford/AstraZeneca, Pfizer/BioNTech, Sinovac",https://docs.google.com/spreadsheets/d/1eblBeozGn1soDGXbOIicwyEDkUqNMzzpJoAKw84TTA4,43881718,28300881,19199704,
Colombia,2021-10-14,"Johnson&Johnson, Moderna, Oxford/AstraZeneca, Pfizer/BioNTech, Sinovac",https://docs.google.com/spreadsheets/d/1eblBeozGn1soDGXbOIicwyEDkUqNMzzpJoAKw84TTA4,44137117,28433989,19370919,
Colombia,2021-10-15,"Johnson&Johnson, Moderna, Oxford/AstraZeneca, Pfizer/BioNTech, Sinovac",https://docs.google.com/spreadsheets/d/1eblBeozGn1soDGXbOIicwyEDkUqNMzzpJoAKw84TTA4,44350661,28647533,19370919,
Colombia,2021-10-17,"Johnson&Johnson, Moderna, Oxford/AstraZeneca, Pfizer/BioNTech, Sinovac",https://docs.google.com/spreadsheets/d/1eblBeozGn1soDGXbOIicwyEDkUqNMzzpJoAKw84TTA4,44660557,28697781,19724680,
Colombia,2021-10-18,"Johnson&Johnson, Moderna, Oxford/AstraZeneca, Pfizer/BioNTech, Sinovac",https://docs.google.com/spreadsheets/d/1eblBeozGn1soDGXbOIicwyEDkUqNMzzpJoAKw84TTA4,44731300,28731719,19773196,
Colombia,2021-10-22,"Johnson&Johnson, Moderna, Oxford/AstraZeneca, Pfizer/BioNTech, Sinovac",https://docs.google.com/spreadsheets/d/1eblBeozGn1soDGXbOIicwyEDkUqNMzzpJoAKw84TTA4,45687674,29231578,20375431,
Colombia,2021-10-23,"Johnson&Johnson, Moderna, Oxford/AstraZeneca, Pfizer/BioNTech, Sinovac",https://docs.google.com/spreadsheets/d/1eblBeozGn1soDGXbOIicwyEDkUqNMzzpJoAKw84TTA4,45879607,29331273,20498474,
Colombia,2021-10-24,"Johnson&Johnson, Moderna, Oxford/AstraZeneca, Pfizer/BioNTech, Sinovac",https://docs.google.com/spreadsheets/d/1eblBeozGn1soDGXbOIicwyEDkUqNMzzpJoAKw84TTA4,46007541,29387056,20586698,
Colombia,2021-10-25,"Johnson&Johnson, Moderna, Oxford/AstraZeneca, Pfizer/BioNTech, Sinovac",https://docs.google.com/spreadsheets/d/1eblBeozGn1soDGXbOIicwyEDkUqNMzzpJoAKw84TTA4,46222565,29510179,20720822,
Colombia,2021-10-26,"Johnson&Johnson, Moderna, Oxford/AstraZeneca, Pfizer/BioNTech, Sinovac",https://docs.google.com/spreadsheets/d/1eblBeozGn1soDGXbOIicwyEDkUqNMzzpJoAKw84TTA4,46454693,29639006,20859742,
Colombia,2021-10-27,"Johnson&Johnson, Moderna, Oxford/AstraZeneca, Pfizer/BioNTech, Sinovac",https://docs.google.com/spreadsheets/d/1eblBeozGn1soDGXbOIicwyEDkUqNMzzpJoAKw84TTA4,46698321,29772400,21005191,
Colombia,2021-10-28,"Johnson&Johnson, Moderna, Oxford/AstraZeneca, Pfizer/BioNTech, Sinovac",https://docs.google.com/spreadsheets/d/1eblBeozGn1soDGXbOIicwyEDkUqNMzzpJoAKw84TTA4,46928624,29899710,21141526,
Colombia,2021-10-30,"Johnson&Johnson, Moderna, Oxford/AstraZeneca, Pfizer/BioNTech, Sinovac",https://docs.google.com/spreadsheets/d/1eblBeozGn1soDGXbOIicwyEDkUqNMzzpJoAKw84TTA4,47286478,30087518,21356231,
Colombia,2021-10-31,"Johnson&Johnson, Moderna, Oxford/AstraZeneca, Pfizer/BioNTech, Sinovac",https://docs.google.com/spreadsheets/d/1eblBeozGn1soDGXbOIicwyEDkUqNMzzpJoAKw84TTA4,47404063,30172182,21398743,
Colombia,2021-11-02,"Johnson&Johnson, Moderna, Oxford/AstraZeneca, Pfizer/BioNTech, Sinovac",https://docs.google.com/spreadsheets/d/1eblBeozGn1soDGXbOIicwyEDkUqNMzzpJoAKw84TTA4,47766011,,21561295,
Colombia,2021-11-03,"Johnson&Johnson, Moderna, Oxford/AstraZeneca, Pfizer/BioNTech, Sinovac",https://docs.google.com/spreadsheets/d/1eblBeozGn1soDGXbOIicwyEDkUqNMzzpJoAKw84TTA4,48061615,,21682604,
Colombia,2021-11-04,"Johnson&Johnson, Moderna, Oxford/AstraZeneca, Pfizer/BioNTech, Sinovac",https://docs.google.com/spreadsheets/d/1eblBeozGn1soDGXbOIicwyEDkUqNMzzpJoAKw84TTA4,48398765,,21813816,
Colombia,2021-11-06,"Johnson&Johnson, Moderna, Oxford/AstraZeneca, Pfizer/BioNTech, Sinovac",https://docs.google.com/spreadsheets/d/1eblBeozGn1soDGXbOIicwyEDkUqNMzzpJoAKw84TTA4,49123580,,22069693,
Colombia,2021-11-07,"Johnson&Johnson, Moderna, Oxford/AstraZeneca, Pfizer/BioNTech, Sinovac",https://docs.google.com/spreadsheets/d/1eblBeozGn1soDGXbOIicwyEDkUqNMzzpJoAKw84TTA4,49342027,,22140469,
Colombia,2021-11-08,"Johnson&Johnson, Moderna, Oxford/AstraZeneca, Pfizer/BioNTech, Sinovac",https://docs.google.com/spreadsheets/d/1eblBeozGn1soDGXbOIicwyEDkUqNMzzpJoAKw84TTA4,49708227,,22249865,
Colombia,2021-11-10,"Johnson&Johnson, Moderna, Oxford/AstraZeneca, Pfizer/BioNTech, Sinovac",https://docs.google.com/spreadsheets/d/1eblBeozGn1soDGXbOIicwyEDkUqNMzzpJoAKw84TTA4,50537341,,22501438,
Colombia,2021-11-11,"Johnson&Johnson, Moderna, Oxford/AstraZeneca, Pfizer/BioNTech, Sinovac",https://docs.google.com/spreadsheets/d/1eblBeozGn1soDGXbOIicwyEDkUqNMzzpJoAKw84TTA4,50914404,,22626221,
Colombia,2021-11-12,"Johnson&Johnson, Moderna, Oxford/AstraZeneca, Pfizer/BioNTech, Sinovac",https://docs.google.com/spreadsheets/d/1eblBeozGn1soDGXbOIicwyEDkUqNMzzpJoAKw84TTA4,51316129,,22759122,
Colombia,2021-11-14,"Johnson&Johnson, Moderna, Oxford/AstraZeneca, Pfizer/BioNTech, Sinovac",https://docs.google.com/spreadsheets/d/1eblBeozGn1soDGXbOIicwyEDkUqNMzzpJoAKw84TTA4,51821798,,22940295,
Colombia,2021-11-15,"Johnson&Johnson, Moderna, Oxford/AstraZeneca, Pfizer/BioNTech, Sinovac",https://docs.google.com/spreadsheets/d/1eblBeozGn1soDGXbOIicwyEDkUqNMzzpJoAKw84TTA4,51955048,,22989636,
Colombia,2021-11-16,"Johnson&Johnson, Moderna, Oxford/AstraZeneca, Pfizer/BioNTech, Sinovac",https://docs.google.com/spreadsheets/d/1eblBeozGn1soDGXbOIicwyEDkUqNMzzpJoAKw84TTA4,52322683,,23115023,
Colombia,2021-11-17,"Johnson&Johnson, Moderna, Oxford/AstraZeneca, Pfizer/BioNTech, Sinovac",https://docs.google.com/spreadsheets/d/1eblBeozGn1soDGXbOIicwyEDkUqNMzzpJoAKw84TTA4,52756342,,23262045,
Colombia,2021-11-18,"Johnson&Johnson, Moderna, Oxford/AstraZeneca, Pfizer/BioNTech, Sinovac",https://docs.google.com/spreadsheets/d/1eblBeozGn1soDGXbOIicwyEDkUqNMzzpJoAKw84TTA4,53179680,,23405714,
Colombia,2021-11-19,"Johnson&Johnson, Moderna, Oxford/AstraZeneca, Pfizer/BioNTech, Sinovac",https://docs.google.com/spreadsheets/d/1eblBeozGn1soDGXbOIicwyEDkUqNMzzpJoAKw84TTA4,53606557,,23544341,
Colombia,2021-11-20,"Johnson&Johnson, Moderna, Oxford/AstraZeneca, Pfizer/BioNTech, Sinovac",https://docs.google.com/spreadsheets/d/1eblBeozGn1soDGXbOIicwyEDkUqNMzzpJoAKw84TTA4,53986327,,23663901,
Colombia,2021-11-21,"Johnson&Johnson, Moderna, Oxford/AstraZeneca, Pfizer/BioNTech, Sinovac",https://docs.google.com/spreadsheets/d/1eblBeozGn1soDGXbOIicwyEDkUqNMzzpJoAKw84TTA4,54179166,,23722622,
Colombia,2021-11-22,"Johnson&Johnson, Moderna, Oxford/AstraZeneca, Pfizer/BioNTech, Sinovac",https://docs.google.com/spreadsheets/d/1eblBeozGn1soDGXbOIicwyEDkUqNMzzpJoAKw84TTA4,54578363,,23848604,
Colombia,2021-11-23,"Johnson&Johnson, Moderna, Oxford/AstraZeneca, Pfizer/BioNTech, Sinovac",https://docs.google.com/spreadsheets/d/1eblBeozGn1soDGXbOIicwyEDkUqNMzzpJoAKw84TTA4,54982453,,23968195,
Colombia,2021-11-24,"Johnson&Johnson, Moderna, Oxford/AstraZeneca, Pfizer/BioNTech, Sinovac",https://docs.google.com/spreadsheets/d/1eblBeozGn1soDGXbOIicwyEDkUqNMzzpJoAKw84TTA4,55391614,,24089350,
Colombia,2021-11-26,"Johnson&Johnson, Moderna, Oxford/AstraZeneca, Pfizer/BioNTech, Sinovac",https://docs.google.com/spreadsheets/d/1eblBeozGn1soDGXbOIicwyEDkUqNMzzpJoAKw84TTA4,56199245,,24331295,
Colombia,2021-11-27,"Johnson&Johnson, Moderna, Oxford/AstraZeneca, Pfizer/BioNTech, Sinovac",https://docs.google.com/spreadsheets/d/1eblBeozGn1soDGXbOIicwyEDkUqNMzzpJoAKw84TTA4,56518538,,24420606,
Colombia,2021-11-28,"Johnson&Johnson, Moderna, Oxford/AstraZeneca, Pfizer/BioNTech, Sinovac",https://docs.google.com/spreadsheets/d/1eblBeozGn1soDGXbOIicwyEDkUqNMzzpJoAKw84TTA4,56705122,,24478676,
Colombia,2021-11-29,"Johnson&Johnson, Moderna, Oxford/AstraZeneca, Pfizer/BioNTech, Sinovac",https://docs.google.com/spreadsheets/d/1eblBeozGn1soDGXbOIicwyEDkUqNMzzpJoAKw84TTA4,57087983,,24597537,
Colombia,2021-11-30,"Johnson&Johnson, Moderna, Oxford/AstraZeneca, Pfizer/BioNTech, Sinovac",https://docs.google.com/spreadsheets/d/1eblBeozGn1soDGXbOIicwyEDkUqNMzzpJoAKw84TTA4,57521265,,24744249,
Colombia,2021-12-01,"Johnson&Johnson, Moderna, Oxford/AstraZeneca, Pfizer/BioNTech, Sinovac",https://docs.google.com/spreadsheets/d/1eblBeozGn1soDGXbOIicwyEDkUqNMzzpJoAKw84TTA4,58251973,,25028663,
Colombia,2021-12-03,"Johnson&Johnson, Moderna, Oxford/AstraZeneca, Pfizer/BioNTech, Sinovac",https://docs.google.com/spreadsheets/d/1eblBeozGn1soDGXbOIicwyEDkUqNMzzpJoAKw84TTA4,58590490,,25168977,
Colombia,2021-12-05,"Johnson&Johnson, Moderna, Oxford/AstraZeneca, Pfizer/BioNTech, Sinovac",https://docs.google.com/spreadsheets/d/1eblBeozGn1soDGXbOIicwyEDkUqNMzzpJoAKw84TTA4,59045186,,25373204,
Colombia,2021-12-06,"Johnson&Johnson, Moderna, Oxford/AstraZeneca, Pfizer/BioNTech, Sinovac",https://docs.google.com/spreadsheets/d/1eblBeozGn1soDGXbOIicwyEDkUqNMzzpJoAKw84TTA4,59350713,,25520817,
Colombia,2021-12-07,"Johnson&Johnson, Moderna, Oxford/AstraZeneca, Pfizer/BioNTech, Sinovac",https://docs.google.com/spreadsheets/d/1eblBeozGn1soDGXbOIicwyEDkUqNMzzpJoAKw84TTA4,59615178,,25649090,
Colombia,2021-12-09,"Johnson&Johnson, Moderna, Oxford/AstraZeneca, Pfizer/BioNTech, Sinovac",https://docs.google.com/spreadsheets/d/1eblBeozGn1soDGXbOIicwyEDkUqNMzzpJoAKw84TTA4,60040692,,25863264,
Colombia,2021-12-10,"Johnson&Johnson, Moderna, Oxford/AstraZeneca, Pfizer/BioNTech, Sinovac",https://docs.google.com/spreadsheets/d/1eblBeozGn1soDGXbOIicwyEDkUqNMzzpJoAKw84TTA4,60385993,,26041149,
Colombia,2021-12-11,"Johnson&Johnson, Moderna, Oxford/AstraZeneca, Pfizer/BioNTech, Sinovac",https://docs.google.com/spreadsheets/d/1eblBeozGn1soDGXbOIicwyEDkUqNMzzpJoAKw84TTA4,60630010,,26168206,
Colombia,2021-12-12,"Johnson&Johnson, Moderna, Oxford/AstraZeneca, Pfizer/BioNTech, Sinovac",https://docs.google.com/spreadsheets/d/1eblBeozGn1soDGXbOIicwyEDkUqNMzzpJoAKw84TTA4,60782329,,26245302,
Colombia,2021-12-13,"Johnson&Johnson, Moderna, Oxford/AstraZeneca, Pfizer/BioNTech, Sinovac",https://docs.google.com/spreadsheets/d/1eblBeozGn1soDGXbOIicwyEDkUqNMzzpJoAKw84TTA4,61087947,,26397923,
Colombia,2021-12-14,"Johnson&Johnson, Moderna, Oxford/AstraZeneca, Pfizer/BioNTech, Sinovac",https://docs.google.com/spreadsheets/d/1eblBeozGn1soDGXbOIicwyEDkUqNMzzpJoAKw84TTA4,61405812,,26563983,
Colombia,2021-12-15,"Johnson&Johnson, Moderna, Oxford/AstraZeneca, Pfizer/BioNTech, Sinovac",https://docs.google.com/spreadsheets/d/1eblBeozGn1soDGXbOIicwyEDkUqNMzzpJoAKw84TTA4,61722515,,26737024,
Colombia,2021-12-17,"Johnson&Johnson, Moderna, Oxford/AstraZeneca, Pfizer/BioNTech, Sinovac",https://docs.google.com/spreadsheets/d/1eblBeozGn1soDGXbOIicwyEDkUqNMzzpJoAKw84TTA4,62316814,,27077680,
Colombia,2021-12-18,"Johnson&Johnson, Moderna, Oxford/AstraZeneca, Pfizer/BioNTech, Sinovac",https://docs.google.com/spreadsheets/d/1eblBeozGn1soDGXbOIicwyEDkUqNMzzpJoAKw84TTA4,62523818,37836418,27199605,2677561
Colombia,2021-12-19,"Johnson&Johnson, Moderna, Oxford/AstraZeneca, Pfizer/BioNTech, Sinovac",https://docs.google.com/spreadsheets/d/1eblBeozGn1soDGXbOIicwyEDkUqNMzzpJoAKw84TTA4,62637834,37866509,27266477,2701928
Colombia,2021-12-22,"Johnson&Johnson, Moderna, Oxford/AstraZeneca, Pfizer/BioNTech, Sinovac",https://docs.google.com/spreadsheets/d/1eblBeozGn1soDGXbOIicwyEDkUqNMzzpJoAKw84TTA4,63453700,38067694,27724189,2906051
Colombia,2021-12-24,"Johnson&Johnson, Moderna, Oxford/AstraZeneca, Pfizer/BioNTech, Sinovac",https://docs.google.com/spreadsheets/d/1eblBeozGn1soDGXbOIicwyEDkUqNMzzpJoAKw84TTA4,63706515,38128577,27850680,2985834
Colombia,2021-12-26,"Johnson&Johnson, Moderna, Oxford/AstraZeneca, Pfizer/BioNTech, Sinovac",https://docs.google.com/spreadsheets/d/1eblBeozGn1soDGXbOIicwyEDkUqNMzzpJoAKw84TTA4,63753706,38140578,27874207,3000665
Colombia,2021-12-27,"Johnson&Johnson, Moderna, Oxford/AstraZeneca, Pfizer/BioNTech, Sinovac",https://docs.google.com/spreadsheets/d/1eblBeozGn1soDGXbOIicwyEDkUqNMzzpJoAKw84TTA4,63992507,38194138,27992589,3081896
Colombia,2021-12-29,"Johnson&Johnson, Moderna, Oxford/AstraZeneca, Pfizer/BioNTech, Sinovac",https://docs.google.com/spreadsheets/d/1eblBeozGn1soDGXbOIicwyEDkUqNMzzpJoAKw84TTA4,64449062,38295873,28213115,3240030
Colombia,2021-12-30,"Johnson&Johnson, Moderna, Oxford/AstraZeneca, Pfizer/BioNTech, Sinovac",https://docs.google.com/spreadsheets/d/1eblBeozGn1soDGXbOIicwyEDkUqNMzzpJoAKw84TTA4,64634652,38340760,28297817,3305086
Colombia,2021-12-31,"Johnson&Johnson, Moderna, Oxford/AstraZeneca, Pfizer/BioNTech, Sinovac",https://docs.google.com/spreadsheets/d/1eblBeozGn1soDGXbOIicwyEDkUqNMzzpJoAKw84TTA4,64690489,38353097,28323837,3324832
Colombia,2022-01-02,"Johnson&Johnson, Moderna, Oxford/AstraZeneca, Pfizer/BioNTech, Sinovac",https://docs.google.com/spreadsheets/d/1eblBeozGn1soDGXbOIicwyEDkUqNMzzpJoAKw84TTA4,64738522,38363095,28346885,3342734
Colombia,2022-01-03,"Johnson&Johnson, Moderna, Oxford/AstraZeneca, Pfizer/BioNTech, Sinovac",https://docs.google.com/spreadsheets/d/1eblBeozGn1soDGXbOIicwyEDkUqNMzzpJoAKw84TTA4,64986015,38420325,28463323,3429374
Colombia,2022-01-04,"Johnson&Johnson, Moderna, Oxford/AstraZeneca, Pfizer/BioNTech, Sinovac",https://docs.google.com/spreadsheets/d/1eblBeozGn1soDGXbOIicwyEDkUqNMzzpJoAKw84TTA4,65271100,38488522,28600589,3522444
Colombia,2022-01-05,"Johnson&Johnson, Moderna, Oxford/AstraZeneca, Pfizer/BioNTech, Sinovac",https://docs.google.com/spreadsheets/d/1eblBeozGn1soDGXbOIicwyEDkUqNMzzpJoAKw84TTA4,65563271,38563154,28741288,3612619
Colombia,2022-01-06,"Johnson&Johnson, Moderna, Oxford/AstraZeneca, Pfizer/BioNTech, Sinovac",https://docs.google.com/spreadsheets/d/1eblBeozGn1soDGXbOIicwyEDkUqNMzzpJoAKw84TTA4,65895507,38650089,28903827,3710208
Colombia,2022-01-08,"Johnson&Johnson, Moderna, Oxford/AstraZeneca, Pfizer/BioNTech, Sinovac",https://docs.google.com/spreadsheets/d/1eblBeozGn1soDGXbOIicwyEDkUqNMzzpJoAKw84TTA4,66427277,38790254,29160533,3872825
Colombia,2022-01-09,"Johnson&Johnson, Moderna, Oxford/AstraZeneca, Pfizer/BioNTech, Sinovac",https://docs.google.com/spreadsheets/d/1eblBeozGn1soDGXbOIicwyEDkUqNMzzpJoAKw84TTA4,66546267,38818655,29217362,3912713
Colombia,2022-01-10,"Johnson&Johnson, Moderna, Oxford/AstraZeneca, Pfizer/BioNTech, Sinovac",https://docs.google.com/spreadsheets/d/1eblBeozGn1soDGXbOIicwyEDkUqNMzzpJoAKw84TTA4,66646518,38843101,29265389,3945749
Colombia,2022-01-11,"Johnson&Johnson, Moderna, Oxford/AstraZeneca, Pfizer/BioNTech, Sinovac",https://docs.google.com/spreadsheets/d/1eblBeozGn1soDGXbOIicwyEDkUqNMzzpJoAKw84TTA4,66935960,38922281,29407178,4030813
Colombia,2022-01-12,"Johnson&Johnson, Moderna, Oxford/AstraZeneca, Pfizer/BioNTech, Sinovac",https://docs.google.com/spreadsheets/d/1eblBeozGn1soDGXbOIicwyEDkUqNMzzpJoAKw84TTA4,67269813,39009064,29556927,4145562
Colombia,2022-01-13,"Johnson&Johnson, Moderna, Oxford/AstraZeneca, Pfizer/BioNTech, Sinovac",https://docs.google.com/spreadsheets/d/1eblBeozGn1soDGXbOIicwyEDkUqNMzzpJoAKw84TTA4,67597103,39093566,29697446,4265089
Colombia,2022-01-14,"Johnson&Johnson, Moderna, Oxford/AstraZeneca, Pfizer/BioNTech, Sinovac",https://docs.google.com/spreadsheets/d/1eblBeozGn1soDGXbOIicwyEDkUqNMzzpJoAKw84TTA4,67904417,39170383,29827683,4382955
Colombia,2022-01-15,"Johnson&Johnson, Moderna, Oxford/AstraZeneca, Pfizer/BioNTech, Sinovac",https://docs.google.com/spreadsheets/d/1eblBeozGn1soDGXbOIicwyEDkUqNMzzpJoAKw84TTA4,68156006,39227216,29932016,4485722
Colombia,2022-01-17,"Johnson&Johnson, Moderna, Oxford/AstraZeneca, Pfizer/BioNTech, Sinovac",https://docs.google.com/spreadsheets/d/1eblBeozGn1soDGXbOIicwyEDkUqNMzzpJoAKw84TTA4,68596190,39452852,30123811,4537214
Colombia,2022-01-18,"Johnson&Johnson, Moderna, Oxford/AstraZeneca, Pfizer/BioNTech, Sinovac",https://docs.google.com/spreadsheets/d/1eblBeozGn1soDGXbOIicwyEDkUqNMzzpJoAKw84TTA4,68880919,,30252538,4753812
Colombia,2022-01-19,"Johnson&Johnson, Moderna, Oxford/AstraZeneca, Pfizer/BioNTech, Sinovac",https://docs.google.com/spreadsheets/d/1eblBeozGn1soDGXbOIicwyEDkUqNMzzpJoAKw84TTA4,69176876,39489492,30396132,4849402
Colombia,2022-01-21,"Johnson&Johnson, Moderna, Oxford/AstraZeneca, Pfizer/BioNTech, Sinovac",https://docs.google.com/spreadsheets/d/1eblBeozGn1soDGXbOIicwyEDkUqNMzzpJoAKw84TTA4,69789455,39673802,30681379,5038247
Colombia,2022-01-23,"Johnson&Johnson, Moderna, Oxford/AstraZeneca, Pfizer/BioNTech, Sinovac",https://docs.google.com/spreadsheets/d/1eblBeozGn1soDGXbOIicwyEDkUqNMzzpJoAKw84TTA4,70105545,39774180,30825161,5134877
Colombia,2022-01-24,"Johnson&Johnson, Moderna, Oxford/AstraZeneca, Pfizer/BioNTech, Sinovac",https://docs.google.com/spreadsheets/d/1eblBeozGn1soDGXbOIicwyEDkUqNMzzpJoAKw84TTA4,70350747,39862563,30944953,5196394
Colombia,2022-01-25,"Johnson&Johnson, Moderna, Oxford/AstraZeneca, Pfizer/BioNTech, Sinovac",https://docs.google.com/spreadsheets/d/1eblBeozGn1soDGXbOIicwyEDkUqNMzzpJoAKw84TTA4,70595963,39949419,31062511,5263357
Colombia,2022-01-27,"Johnson&Johnson, Moderna, Oxford/AstraZeneca, Pfizer/BioNTech, Sinovac",https://docs.google.com/spreadsheets/d/1eblBeozGn1soDGXbOIicwyEDkUqNMzzpJoAKw84TTA4,71090693,40104316,31296243,5421202
Colombia,2022-01-28,"Johnson&Johnson, Moderna, Oxford/AstraZeneca, Pfizer/BioNTech, Sinovac",https://docs.google.com/spreadsheets/d/1eblBeozGn1soDGXbOIicwyEDkUqNMzzpJoAKw84TTA4,71320917,40172345,31402127,5498539
Colombia,2022-01-29,"Johnson&Johnson, Moderna, Oxford/AstraZeneca, Pfizer/BioNTech, Sinovac",https://docs.google.com/spreadsheets/d/1eblBeozGn1soDGXbOIicwyEDkUqNMzzpJoAKw84TTA4,71597387,40262427,31522344,5586501
Colombia,2022-01-30,"Johnson&Johnson, Moderna, Oxford/AstraZeneca, Pfizer/BioNTech, Sinovac",https://docs.google.com/spreadsheets/d/1eblBeozGn1soDGXbOIicwyEDkUqNMzzpJoAKw84TTA4,71700174,40286441,31568206,5626752
Colombia,2022-01-31,"Johnson&Johnson, Moderna, Oxford/AstraZeneca, Pfizer/BioNTech, Sinovac",https://docs.google.com/spreadsheets/d/1eblBeozGn1soDGXbOIicwyEDkUqNMzzpJoAKw84TTA4,71927908,40348092,31668670,5715017
Colombia,2022-02-01,"Johnson&Johnson, Moderna, Oxford/AstraZeneca, Pfizer/BioNTech, Sinovac",https://docs.google.com/spreadsheets/d/1eblBeozGn1soDGXbOIicwyEDkUqNMzzpJoAKw84TTA4,72153729,40403140,31765969,5808639
Colombia,2022-02-02,"Johnson&Johnson, Moderna, Oxford/AstraZeneca, Pfizer/BioNTech, Sinovac",https://docs.google.com/spreadsheets/d/1eblBeozGn1soDGXbOIicwyEDkUqNMzzpJoAKw84TTA4,72614845,40499018,31957431,6018758
Colombia,2022-02-04,"Johnson&Johnson, Moderna, Oxford/AstraZeneca, Pfizer/BioNTech, Sinovac",https://docs.google.com/spreadsheets/d/1eblBeozGn1soDGXbOIicwyEDkUqNMzzpJoAKw84TTA4,72926924,40555273,32076232,6175302
Colombia,2022-02-05,"Johnson&Johnson, Moderna, Oxford/AstraZeneca, Pfizer/BioNTech, Sinovac",https://docs.google.com/spreadsheets/d/1eblBeozGn1soDGXbOIicwyEDkUqNMzzpJoAKw84TTA4,73129930,40590831,32155932,6273737
Colombia,2022-02-06,"Johnson&Johnson, Moderna, Oxford/AstraZeneca, Pfizer/BioNTech, Sinovac",https://docs.google.com/spreadsheets/d/1eblBeozGn1soDGXbOIicwyEDkUqNMzzpJoAKw84TTA4,73325312,40664129,32248330,6324522
Colombia,2022-02-07,"Johnson&Johnson, Moderna, Oxford/AstraZeneca, Pfizer/BioNTech, Sinovac",https://docs.google.com/spreadsheets/d/1eblBeozGn1soDGXbOIicwyEDkUqNMzzpJoAKw84TTA4,73549566,40706935,32331677,6438577
Colombia,2022-02-08,"Johnson&Johnson, Moderna, Oxford/AstraZeneca, Pfizer/BioNTech, Sinovac",https://docs.google.com/spreadsheets/d/1eblBeozGn1soDGXbOIicwyEDkUqNMzzpJoAKw84TTA4,73778566,40746508,32414333,6560186
Colombia,2022-02-09,"Johnson&Johnson, Moderna, Oxford/AstraZeneca, Pfizer/BioNTech, Sinovac",https://docs.google.com/spreadsheets/d/1eblBeozGn1soDGXbOIicwyEDkUqNMzzpJoAKw84TTA4,74043064,40788751,32503403,6709409
Colombia,2022-02-10,"Johnson&Johnson, Moderna, Oxford/AstraZeneca, Pfizer/BioNTech, Sinovac",https://docs.google.com/spreadsheets/d/1eblBeozGn1soDGXbOIicwyEDkUqNMzzpJoAKw84TTA4,74290915,40830740,32586898,6846944
Colombia,2022-02-11,"Johnson&Johnson, Moderna, Oxford/AstraZeneca, Pfizer/BioNTech, Sinovac",https://docs.google.com/spreadsheets/d/1eblBeozGn1soDGXbOIicwyEDkUqNMzzpJoAKw84TTA4,74561909,40877239,32679549,6993963
Colombia,2022-02-12,"Johnson&Johnson, Moderna, Oxford/AstraZeneca, Pfizer/BioNTech, Sinovac",https://docs.google.com/spreadsheets/d/1eblBeozGn1soDGXbOIicwyEDkUqNMzzpJoAKw84TTA4,74766645,40907085,32747871,7109363
Colombia,2022-02-13,"Johnson&Johnson, Moderna, Oxford/AstraZeneca, Pfizer/BioNTech, Sinovac",https://docs.google.com/spreadsheets/d/1eblBeozGn1soDGXbOIicwyEDkUqNMzzpJoAKw84TTA4,74852552,40918363,32775467,7160288
Colombia,2022-02-14,"Johnson&Johnson, Moderna, Oxford/AstraZeneca, Pfizer/BioNTech, Sinovac",https://docs.google.com/spreadsheets/d/1eblBeozGn1soDGXbOIicwyEDkUqNMzzpJoAKw84TTA4,75086726,40959950,32850895,7292101
Colombia,2022-02-15,"Johnson&Johnson, Moderna, Oxford/AstraZeneca, Pfizer/BioNTech, Sinovac",https://docs.google.com/spreadsheets/d/1eblBeozGn1soDGXbOIicwyEDkUqNMzzpJoAKw84TTA4,75320803,41002546,32922693,7426279
Colombia,2022-02-16,"Johnson&Johnson, Moderna, Oxford/AstraZeneca, Pfizer/BioNTech, Sinovac",https://docs.google.com/spreadsheets/d/1eblBeozGn1soDGXbOIicwyEDkUqNMzzpJoAKw84TTA4,75533930,41039767,32991350,7547291
Colombia,2022-02-17,"Johnson&Johnson, Moderna, Oxford/AstraZeneca, Pfizer/BioNTech, Sinovac",https://docs.google.com/spreadsheets/d/1eblBeozGn1soDGXbOIicwyEDkUqNMzzpJoAKw84TTA4,75732846,41079423,33056351,7656978
Colombia,2022-02-19,"Johnson&Johnson, Moderna, Oxford/AstraZeneca, Pfizer/BioNTech, Sinovac",https://docs.google.com/spreadsheets/d/1eblBeozGn1soDGXbOIicwyEDkUqNMzzpJoAKw84TTA4,75962425,41121168,33130745,7784212
Colombia,2022-02-20,"Johnson&Johnson, Moderna, Oxford/AstraZeneca, Pfizer/BioNTech, Sinovac",https://docs.google.com/spreadsheets/d/1eblBeozGn1soDGXbOIicwyEDkUqNMzzpJoAKw84TTA4,76193263,41155481,33206412,7916114
Colombia,2022-02-21,"Johnson&Johnson, Moderna, Oxford/AstraZeneca, Pfizer/BioNTech, Sinovac",https://docs.google.com/spreadsheets/d/1eblBeozGn1soDGXbOIicwyEDkUqNMzzpJoAKw84TTA4,76367277,41186677,33260818,8015694
Colombia,2022-02-22,"Johnson&Johnson, Moderna, Oxford/AstraZeneca, Pfizer/BioNTech, Sinovac",https://docs.google.com/spreadsheets/d/1eblBeozGn1soDGXbOIicwyEDkUqNMzzpJoAKw84TTA4,76557520,41219162,33318561,8128813
Colombia,2022-02-23,"Johnson&Johnson, Moderna, Oxford/AstraZeneca, Pfizer/BioNTech, Sinovac",https://docs.google.com/spreadsheets/d/1eblBeozGn1soDGXbOIicwyEDkUqNMzzpJoAKw84TTA4,76733198,41253498,33371543,8229013
Colombia,2022-03-04,"Johnson&Johnson, Moderna, Oxford/AstraZeneca, Pfizer/BioNTech, Sinovac",https://ais.paho.org/imm/IM_DosisAdmin-Vacunacion.asp,77655719,41409379,33706581,8715348
Colombia,2022-03-09,"Johnson&Johnson, Moderna, Oxford/AstraZeneca, Pfizer/BioNTech, Sinovac",https://ais.paho.org/imm/IM_DosisAdmin-Vacunacion.asp,78423261,41522429,33973503,9147317
Colombia,2022-03-11,"Johnson&Johnson, Moderna, Oxford/AstraZeneca, Pfizer/BioNTech, Sinovac",https://ais.paho.org/imm/IM_DosisAdmin-Vacunacion.asp,78682668,41562091,34062856,9293334
Colombia,2022-03-16,"Johnson&Johnson, Moderna, Oxford/AstraZeneca, Pfizer/BioNTech, Sinovac",https://ais.paho.org/imm/IM_DosisAdmin-Vacunacion.asp,79222616,41651910,34247024,9589039
Colombia,2022-03-18,"Johnson&Johnson, Moderna, Oxford/AstraZeneca, Pfizer/BioNTech, Sinovac",https://ais.paho.org/imm/IM_DosisAdmin-Vacunacion.asp,79449268,41688633,34327440,9711573
